Top 10
Precision:0.19538216560509555
Recall:0.19921540626158504
F1:0.19728016730137424
NDCG:0.23753589016997742
